0.000000
4.290000
1.170000
-1
5.530000
-1
3.950000
3.520000
4.880000
4.940000
4.750000
2.570000
-1
5.090000
3.950000
1.710000
1.600000
3.530000
4.450000
2.960000
2.610000
3.860000
0.740000
4.380000
-1
-1
2.030000
6.780000
2.030000
2.540000
3.990000
3.300000
5.180000
3.380000
1.970000
1.200000
3.040000
4.540000
3.470000
-1
6.090000
4.440000
2.590000
4.650000
4.680000
5.350000
4.910000
-1
4.480000
3.230000
3.940000
3.050000
3.550000
-1
4.260000
4.060000
-1
6.980000
1.860000
1.820000
-1
4.980000
-1
7.280000
1.840000
-1
4.130000
-1
3.590000
3.090000
3.540000
4.250000
3.310000
-1
3.490000
1.470000
4.460000
-1
-1
2.700000
2.780000
4.830000
4.470000
5.240000
2.730000
5.640000
2.070000
4.470000
-1
2.460000
2.660000
3.470000
3.690000
4.160000
2.680000
2.970000
1.720000
3.380000
4.010000
-1
